amExample1_0103_example1_2_expected <-
structure(list(index = c("1", "3", "5", "7", "8", "9", "11", 
"13", "14", "16", "17", "19"), LOC1a = c("103", "104", "103", 
"108", "104", "109", "108", "109", "108", "108", "103", "108"
), LOC1b = c("108", "120", "109", "109", "110", "120", "109", 
"110", "120", "109", "109", "114"), LOC2a = c("201", "201", "201", 
"201", "207", "208", "201", "203", "208", "203", "208", "201"
), LOC2b = c("201", "208", "209", "208", "208", "208", "208", 
"207", "209", "203", "208", "207"), LOC3a = c("314", "306", "306", 
"314", "307", "307", "306", "313", "307", "317", "306", "-99"
), LOC3b = c("318", "314", "306", "314", "317", "307", "317", 
"317", "313", "318", "307", "-99"), LOC4a = c("405", "407", "408", 
"404", "417", "407", "404", "407", "417", "407", "404", "404"
), LOC4b = c("417", "407", "414", "417", "417", "417", "413", 
"417", "417", "417", "413", "413"), LOC5a = c("514", "502", "501", 
"501", "516", "505", "502", "505", "502", "505", "502", "502"
), LOC5b = c("519", "502", "502", "514", "516", "519", "514", 
"519", "516", "519", "519", "519"), LOC6a = c("603", "607", "603", 
"607", "603", "607", "603", "607", "602", "607", "602", "603"
), LOC6b = c("618", "616", "607", "618", "603", "618", "607", 
"618", "618", "616", "603", "607"), LOC7a = c("709", "713", "706", 
"706", "717", "703", "703", "706", "703", "712", "709", "712"
), LOC7b = c("715", "715", "706", "715", "719", "709", "719", 
"719", "715", "715", "717", "715"), LOC8a = c("804", "804", "804", 
"804", "804", "804", "812", "811", "811", "804", "816", "804"
), LOC8b = c("816", "816", "804", "811", "812", "805", "816", 
"811", "816", "812", "816", "811"), LOC9a = c("911", "912", "914", 
"914", "907", "914", "911", "914", "911", "914", "911", "911"
), LOC9b = c("914", "914", "918", "914", "914", "914", "911", 
"915", "914", "915", "914", "911"), LOC10a = c("1007", "1006", 
"1006", "1006", "1007", "1007", "1015", "1018", "1007", "1015", 
"1005", "1015"), LOC10b = c("1015", "1015", "1006", "1015", "1019", 
"1015", "1015", "1018", "1015", "1015", "1007", "1018")), class = "data.frame", row.names = c(NA, 
-12L))
