amExample3_0105_expected <-
structure(list(pairwise = list(list(focal = list(index = "112", 
    metaData = "ABL", multilocus = structure(c("103", "116", 
    "219", "219", "-99", "-99", "-99", "-99", "508", "514", "604", 
    "608", "708", "718", "807", "817", "908", "908", "-99", "-99"
    ), dim = c(1L, 20L), dimnames = list(NULL, c("LOC1a", "LOC1b", 
    "LOC2a", "LOC2b", "LOC3a", "LOC3b", "LOC4a", "LOC4b", "LOC5a", 
    "LOC5b", "LOC6a", "LOC6b", "LOC7a", "LOC7b", "LOC8a", "LOC8b", 
    "LOC9a", "LOC9b", "LOC10a", "LOC10b"))), flags = structure(c(1, 
    1, 1, 1, 2, 2, 2, 2, 1, 1, 1, 1, 1, 1, 1, 1, 1, 1, 2, 2), dim = c(1L, 
    20L))), match = list(index = c("110", "260"), metaData = c("ABL", 
"ADF"), multilocus = structure(c("103", "111", "116", "116", 
"219", "206", "219", "219", "307", "312", "307", "317", "409", 
"-99", "416", "-99", "508", "508", "514", "514", "604", "604", 
"608", "608", "708", "718", "718", "718", "807", "807", "817", 
"817", "908", "904", "920", "908", "1001", "1002", "1016", "1016"
), dim = c(2L, 20L), dimnames = list(NULL, c("LOC1a", "LOC1b", 
"LOC2a", "LOC2b", "LOC3a", "LOC3b", "LOC4a", "LOC4b", "LOC5a", 
"LOC5b", "LOC6a", "LOC6b", "LOC7a", "LOC7b", "LOC8a", "LOC8b", 
"LOC9a", "LOC9b", "LOC10a", "LOC10b"))), score = c("0.8", "0.7"
), flags = structure(c(1, 0, 1, 1, 1, 0, 1, 1, 2, 2, 2, 2, 2, 
2, 2, 2, 1, 1, 1, 1, 1, 1, 1, 1, 1, 0, 1, 1, 1, 1, 1, 1, 1, 0, 
0, 1, 2, 2, 2, 2), dim = c(2L, 20L)), perfect = 0L, partial = 2L)), 
    list(focal = list(index = "162", metaData = "ACA", multilocus = structure(c("115", 
    "115", "206", "219", "307", "312", "409", "416", "-99", "-99", 
    "608", "617", "708", "718", "801", "811", "908", "908", "1001", 
    "1008"), dim = c(1L, 20L), dimnames = list(NULL, c("LOC1a", 
    "LOC1b", "LOC2a", "LOC2b", "LOC3a", "LOC3b", "LOC4a", "LOC4b", 
    "LOC5a", "LOC5b", "LOC6a", "LOC6b", "LOC7a", "LOC7b", "LOC8a", 
    "LOC8b", "LOC9a", "LOC9b", "LOC10a", "LOC10b"))), flags = structure(c(1, 
    1, 1, 1, 1, 1, 1, 1, 2, 2, 1, 1, 1, 1, 1, 1, 1, 1, 1, 1), dim = c(1L, 
    20L))), match = list(index = c("161", "223"), metaData = c("ACA", 
    "ACR"), multilocus = structure(c("115", "112", "115", "116", 
    "-99", "206", "-99", "219", "307", "302", "312", "316", "409", 
    "409", "416", "411", "504", "-99", "518", "-99", "-99", "608", 
    "-99", "617", "708", "-99", "718", "-99", "801", "801", "811", 
    "811", "908", "908", "908", "908", "1001", "1001", "1008", 
    "1008"), dim = c(2L, 20L), dimnames = list(NULL, c("LOC1a", 
    "LOC1b", "LOC2a", "LOC2b", "LOC3a", "LOC3b", "LOC4a", "LOC4b", 
    "LOC5a", "LOC5b", "LOC6a", "LOC6b", "LOC7a", "LOC7b", "LOC8a", 
    "LOC8b", "LOC9a", "LOC9b", "LOC10a", "LOC10b"))), score = c("0.85", 
    "0.7"), flags = structure(c(1, 0, 1, 0, 2, 1, 2, 1, 1, 0, 
    1, 0, 1, 1, 1, 0, 2, 2, 2, 2, 2, 1, 2, 1, 1, 2, 1, 2, 1, 
    1, 1, 1, 1, 1, 1, 1, 1, 1, 1, 1), dim = c(2L, 20L)), perfect = 0L, 
        partial = 2L)), list(focal = list(index = "183", metaData = "ACF", 
        multilocus = structure(c("115", "116", "202", "205", 
        "302", "313", "409", "411", "504", "514", "-99", "-99", 
        "-99", "-99", "807", "813", "908", "912", "1008", "1020"
        ), dim = c(1L, 20L), dimnames = list(NULL, c("LOC1a", 
        "LOC1b", "LOC2a", "LOC2b", "LOC3a", "LOC3b", "LOC4a", 
        "LOC4b", "LOC5a", "LOC5b", "LOC6a", "LOC6b", "LOC7a", 
        "LOC7b", "LOC8a", "LOC8b", "LOC9a", "LOC9b", "LOC10a", 
        "LOC10b"))), flags = structure(c(1, 1, 1, 1, 1, 1, 1, 
        1, 1, 1, 2, 2, 2, 2, 1, 1, 1, 1, 1, 1), dim = c(1L, 20L
        ))), match = list(index = c("182", "181"), metaData = c("ACF", 
    "ACF"), multilocus = structure(c("115", "-99", "116", "-99", 
    "202", "202", "205", "202", "302", "302", "313", "313", "409", 
    "409", "411", "411", "504", "-99", "514", "-99", "-99", "604", 
    "-99", "606", "-99", "708", "-99", "718", "807", "-99", "813", 
    "-99", "908", "908", "912", "912", "-99", "1008", "-99", 
    "1020"), dim = c(2L, 20L), dimnames = list(NULL, c("LOC1a", 
    "LOC1b", "LOC2a", "LOC2b", "LOC3a", "LOC3b", "LOC4a", "LOC4b", 
    "LOC5a", "LOC5b", "LOC6a", "LOC6b", "LOC7a", "LOC7b", "LOC8a", 
    "LOC8b", "LOC9a", "LOC9b", "LOC10a", "LOC10b"))), score = c("0.95", 
    "0.7"), flags = structure(c(1, 2, 1, 2, 1, 1, 1, 0, 1, 1, 
    1, 1, 1, 1, 1, 1, 1, 2, 1, 2, 2, 2, 2, 2, 2, 2, 2, 2, 1, 
    2, 1, 2, 1, 1, 1, 1, 2, 1, 2, 1), dim = c(2L, 20L)), perfect = 0L, 
        partial = 2L)), list(focal = list(index = "218", metaData = "ACP", 
        multilocus = structure(c("116", "117", "206", "219", 
        "-99", "-99", "408", "411", "514", "514", "-99", "-99", 
        "-99", "-99", "807", "807", "908", "908", "1001", "1004"
        ), dim = c(1L, 20L), dimnames = list(NULL, c("LOC1a", 
        "LOC1b", "LOC2a", "LOC2b", "LOC3a", "LOC3b", "LOC4a", 
        "LOC4b", "LOC5a", "LOC5b", "LOC6a", "LOC6b", "LOC7a", 
        "LOC7b", "LOC8a", "LOC8b", "LOC9a", "LOC9b", "LOC10a", 
        "LOC10b"))), flags = structure(c(1, 1, 1, 1, 2, 2, 1, 
        1, 1, 1, 2, 2, 2, 2, 1, 1, 1, 1, 1, 1), dim = c(1L, 20L
        ))), match = list(index = c("213", "6"), metaData = c("ACP", 
    "AAC"), multilocus = structure(c("116", "117", "117", "117", 
    "206", "206", "219", "219", "316", "302", "317", "317", "408", 
    "411", "411", "411", "514", "514", "514", "514", "604", "-99", 
    "620", "-99", "703", "703", "708", "703", "807", "802", "807", 
    "807", "908", "908", "908", "910", "1001", "1001", "1004", 
    "1004"), dim = c(2L, 20L), dimnames = list(NULL, c("LOC1a", 
    "LOC1b", "LOC2a", "LOC2b", "LOC3a", "LOC3b", "LOC4a", "LOC4b", 
    "LOC5a", "LOC5b", "LOC6a", "LOC6b", "LOC7a", "LOC7b", "LOC8a", 
    "LOC8b", "LOC9a", "LOC9b", "LOC10a", "LOC10b"))), score = c("0.85", 
    "0.7"), flags = structure(c(1, 0, 1, 1, 1, 1, 1, 1, 2, 2, 
    2, 2, 1, 0, 1, 1, 1, 1, 1, 1, 2, 2, 2, 2, 2, 2, 2, 2, 1, 
    0, 1, 1, 1, 1, 1, 0, 1, 1, 1, 1), dim = c(2L, 20L)), perfect = 0L, 
        partial = 2L))), missingCode = "-99", matchThreshold = 0.69999999999999996, 
    alleleMismatch = 6, missingMethod = 2, focalDatasetN = 4L, 
    comparisonDatasetN = 100L, focalIsComparison = FALSE), class = "amPairwise")
