amExample3_0105_example3_3_expected <-
structure(list(matchGroup = c("1", "1", "2", "2", "3", "3", "4", 
"4"), nMatchGroup = c("2", "2", "2", "2", "2", "2", "2", "2"), 
    focalIndex = c("112", "112", "162", "162", "183", "183", 
    "218", "218"), comparisonIndex = c("110", "260", "161", "223", 
    "182", "181", "213", "6"), matchThreshold = c("0.7", "0.7", 
    "0.7", "0.7", "0.7", "0.7", "0.7", "0.7"), score = c("0.8", 
    "0.7", "0.85", "0.7", "0.95", "0.7", "0.85", "0.7"), comparisonMetaData = c("ABL", 
    "ADF", "ACA", "ACR", "ACF", "ACF", "ACP", "AAC"), LOC1a = c("103", 
    "111", "115", "112", "115", "-99", "116", "117"), LOC1b = c("116", 
    "116", "115", "116", "116", "-99", "117", "117"), LOC2a = c("219", 
    "206", "-99", "206", "202", "202", "206", "206"), LOC2b = c("219", 
    "219", "-99", "219", "205", "202", "219", "219"), LOC3a = c("307", 
    "312", "307", "302", "302", "302", "316", "302"), LOC3b = c("307", 
    "317", "312", "316", "313", "313", "317", "317"), LOC4a = c("409", 
    "-99", "409", "409", "409", "409", "408", "411"), LOC4b = c("416", 
    "-99", "416", "411", "411", "411", "411", "411"), LOC5a = c("508", 
    "508", "504", "-99", "504", "-99", "514", "514"), LOC5b = c("514", 
    "514", "518", "-99", "514", "-99", "514", "514"), LOC6a = c("604", 
    "604", "-99", "608", "-99", "604", "604", "-99"), LOC6b = c("608", 
    "608", "-99", "617", "-99", "606", "620", "-99"), LOC7a = c("708", 
    "718", "708", "-99", "-99", "708", "703", "703"), LOC7b = c("718", 
    "718", "718", "-99", "-99", "718", "708", "703"), LOC8a = c("807", 
    "807", "801", "801", "807", "-99", "807", "802"), LOC8b = c("817", 
    "817", "811", "811", "813", "-99", "807", "807"), LOC9a = c("908", 
    "904", "908", "908", "908", "908", "908", "908"), LOC9b = c("920", 
    "908", "908", "908", "912", "912", "908", "910"), LOC10a = c("1001", 
    "1002", "1001", "1001", "-99", "1008", "1001", "1001"), LOC10b = c("1016", 
    "1016", "1008", "1008", "-99", "1020", "1004", "1004")), class = "data.frame", row.names = c(NA, 
-8L))
