amExample3_0100_expected <-
structure(list(index = c("1", "2", "3", "4", "5", "6", "7", "8", 
"9", "10", "11", "12", "13", "14", "15", "16", "17", "18", "19", 
"20", "21", "22", "23", "24", "25", "26", "27", "28", "29", "30", 
"31", "32", "33", "34", "35", "36", "37", "38", "39", "40", "41", 
"42", "43", "44", "45", "46", "47", "48", "49", "50", "51", "52", 
"53", "54", "55", "56", "57", "58", "59", "60", "61", "62", "63", 
"64", "65", "66", "67", "68", "69", "70", "71", "72", "73", "74", 
"75", "76", "77", "78", "79", "80", "81", "82", "83", "84", "85", 
"86", "87", "88", "89", "90", "91", "92", "93", "94", "95", "96", 
"97", "98", "99", "100", "101", "102", "103", "104", "105", "106", 
"107", "108", "109", "110", "111", "112", "113", "114", "115", 
"116", "117", "118", "119", "120", "121", "122", "123", "124", 
"125", "126", "127", "128", "129", "130", "131", "132", "133", 
"134", "135", "136", "137", "138", "139", "140", "141", "142", 
"143", "144", "145", "146", "147", "148", "149", "150", "151", 
"152", "153", "154", "155", "156", "157", "158", "159", "160", 
"161", "162", "163", "164", "165", "166", "167", "168", "169", 
"170", "171", "172", "173", "174", "175", "176", "177", "178", 
"179", "180", "181", "182", "183", "184", "185", "186", "187", 
"188", "189", "190", "191", "192", "193", "194", "195", "196", 
"197", "198", "199", "200", "201", "202", "203", "204", "205", 
"206", "207", "208", "209", "210", "211", "212", "213", "214", 
"215", "216", "217", "218", "219", "220", "221", "222", "223", 
"224", "225", "226", "227", "228", "229", "230", "231", "232", 
"233", "234", "235", "236", "237", "238", "239", "240", "241", 
"242", "243", "244", "245", "246", "247", "248", "249", "250", 
"251", "252", "253", "254", "255", "256", "257", "258", "259", 
"260", "261", "262", "263", "264", "265", "266", "267", "268", 
"269", "270", "271", "272", "273", "274", "275", "276", "277", 
"278", "279", "280", "281", "282", "283", "284", "285", "286", 
"287", "288", "289", "290", "291", "292", "293", "294", "295", 
"296", "297", "298", "299", "300", "301", "302", "303", "304", 
"305", "306", "307", "308", "309", "310", "311", "312", "313", 
"314", "315", "316", "317", "318", "319"), metaData = c("AAA", 
"AAA", "AAA", "AAB", "AAB", "AAC", "AAC", "AAD", "AAD", "AAD", 
"AAD", "AAD", "AAE", "AAE", "AAE", "AAE", "AAF", "AAG", "AAG", 
"AAG", "AAG", "AAH", "AAH", "AAH", "AAH", "AAH", "AAH", "AAI", 
"AAI", "AAI", "AAI", "AAI", "AAJ", "AAJ", "AAK", "AAL", "AAL", 
"AAM", "AAM", "AAM", "AAN", "AAN", "AAN", "AAN", "AAO", "AAO", 
"AAP", "AAP", "AAP", "AAQ", "AAQ", "AAQ", "AAR", "AAR", "AAS", 
"AAS", "AAS", "AAS", "AAT", "AAT", "AAU", "AAU", "AAV", "AAV", 
"AAW", "AAW", "AAW", "AAX", "AAX", "AAX", "AAX", "AAY", "AAY", 
"AAY", "AAY", "AAZ", "AAZ", "ABA", "ABA", "ABA", "ABA", "ABB", 
"ABC", "ABC", "ABC", "ABC", "ABD", "ABD", "ABE", "ABE", "ABE", 
"ABF", "ABF", "ABG", "ABG", "ABH", "ABH", "ABH", "ABH", "ABH", 
"ABH", "ABI", "ABI", "ABI", "ABI", "ABJ", "ABJ", "ABK", "ABK", 
"ABL", "ABL", "ABL", "ABL", "ABL", "ABM", "ABN", "ABN", "ABN", 
"ABN", "ABN", "ABN", "ABN", "ABO", "ABP", "ABP", "ABP", "ABP", 
"ABP", "ABQ", "ABQ", "ABR", "ABR", "ABR", "ABS", "ABS", "ABS", 
"ABS", "ABS", "ABT", "ABT", "ABT", "ABU", "ABU", "ABU", "ABU", 
"ABU", "ABV", "ABV", "ABW", "ABW", "ABW", "ABW", "ABX", "ABX", 
"ABX", "ABY", "ABY", "ABY", "ABY", "ABZ", "ACA", "ACA", "ACA", 
"ACA", "ACB", "ACC", "ACC", "ACC", "ACC", "ACC", "ACC", "ACC", 
"ACD", "ACD", "ACD", "ACD", "ACD", "ACE", "ACE", "ACE", "ACF", 
"ACF", "ACF", "ACG", "ACG", "ACH", "ACH", "ACH", "ACI", "ACJ", 
"ACJ", "ACJ", "ACJ", "ACK", "ACK", "ACK", "ACL", "ACL", "ACL", 
"ACL", "ACM", "ACM", "ACM", "ACN", "ACN", "ACN", "ACN", "ACN", 
"ACO", "ACO", "ACO", "ACO", "ACP", "ACP", "ACP", "ACP", "ACP", 
"ACP", "ACQ", "ACQ", "ACQ", "ACQ", "ACR", "ACR", "ACS", "ACS", 
"ACS", "ACS", "ACT", "ACT", "ACT", "ACU", "ACU", "ACU", "ACV", 
"ACV", "ACV", "ACW", "ACW", "ACW", "ACX", "ACX", "ACX", "ACY", 
"ACY", "ACZ", "ACZ", "ACZ", "ACZ", "ADA", "ADA", "ADB", "ADB", 
"ADB", "ADB", "ADC", "ADD", "ADD", "ADE", "ADF", "ADF", "ADF", 
"ADF", "ADF", "ADG", "ADG", "ADG", "ADG", "ADH", "ADH", "ADH", 
"ADH", "ADI", "ADI", "ADI", "ADJ", "ADJ", "ADK", "ADK", "ADL", 
"ADL", "ADL", "ADM", "ADM", "ADM", "ADM", "ADM", "ADM", "ADN", 
"ADN", "ADN", "ADO", "ADO", "ADO", "ADO", "ADO", "ADP", "ADP", 
"ADP", "ADP", "ADP", "ADQ", "ADQ", "ADQ", "ADQ", "ADQ", "ADR", 
"ADR", "ADS", "ADS", "ADS", "ADT", "ADT", "ADU", "ADU", "ADU", 
"ADU", "ADU", "ADV"),