amExample1_0100_expected <-
structure(list(index = c("1", "2", "3", "4", "5", "6", "7", "8", 
"9", "10", "11", "12", "13", "14", "15", "16", "17", "18", "19", 
"20"), multilocus = structure(c("103", "103", "104", "104", "103", 
"103", "108", "104", "109", "109", "108", "108", "109", "108", 
"108", "108", "103", "103", "108", "108", "108", "108", "120", 
"120", "109", "109", "109", "110", "120", "120", "109", "109", 
"110", "120", "120", "109", "109", "109", "114", "114", "201", 
"201", "201", "201", "201", "201", "201", "207", "208", "208", 
"201", "201", "203", "208", "208", "203", "208", "208", "201", 
"201", "201", "201", "208", "208", "209", "209", "208", "208", 
"208", "208", "208", "208", "207", "209", "209", "203", "208", 
"208", "207", "207", "314", "314", "306", "306", "306", "306", 
"314", "307", "307", "307", "306", "306", "313", "307", "307", 
"317", "306", "306", "-99", "306", "318", "318", "314", "314", 
"306", "306", "314", "317", "307", "307", "317", "317", "317", 
"313", "313", "318", "307", "307", "-99", "317", "405", "405", 
"407", "407", "408", "408", "404", "417", "407", "407", "404", 
"404", "407", "417", "417", "407", "404", "404", "404", "404", 
"417", "417", "407", "407", "414", "414", "417", "417", "417", 
"417", "413", "413", "417", "417", "417", "417", "413", "413", 
"413", "413", "514", "514", "502", "502", "501", "501", "501", 
"516", "505", "505", "502", "502", "505", "502", "502", "505", 
"502", "502", "502", "502", "519", "519", "502", "502", "502", 
"502", "514", "516", "519", "519", "514", "514", "519", "516", 
"516", "519", "519", "519", "519", "519", "603", "603", "607", 
"607", "603", "603", "607", "603", "607", "607", "603", "603", 
"607", "602", "602", "607", "602", "602", "603", "603", "618", 
"618", "616", "616", "607", "607", "618", "603", "618", "618", 
"607", "607", "618", "618", "618", "616", "603", "603", "607", 
"607", "709", "709", "713", "713", "706", "706", "706", "717", 
"703", "703", "703", "703", "706", "703", "703", "712", "709", 
"709", "712", "712", "715", "715", "715", "715", "706", "706", 
"715", "719", "709", "709", "719", "719", "719", "715", "715", 
"715", "717", "717", "715", "715", "804", "804", "804", "804", 
"804", "804", "804", "804", "804", "804", "812", "812", "811", 
"811", "811", "804", "816", "816", "804", "804", "816", "816", 
"816", "816", "804", "804", "811", "812", "805", "805", "816", 
"816", "811", "816", "816", "812", "816", "816", "811", "811", 
"911", "911", "912", "912", "914", "914", "914", "907", "914", 
"914", "911", "911", "914", "911", "911", "914", "911", "911", 
"911", "911", "914", "914", "914", "914", "918", "918", "914", 
"914", "914", "914", "911", "911", "915", "914", "914", "915", 
"914", "914", "911", "911", "1007", "1007", "1006", "1006", "1006", 
"1006", "1006", "1007", "1007", "1007", "1015", "1015", "1018", 
"1007", "1007", "1015", "1005", "1005", "1015", "1015", "1015", 
"1015", "1015", "1015", "1006", "1006", "1015", "1019", "1015", 
"1015", "1015", "1015", "1018", "1015", "1015", "1015", "1007", 
"1007", "1018", "1018"), dim = c(20L, 20L), dimnames = list(NULL, 
    c("LOC1a", "LOC1b", "LOC2a", "LOC2b", "LOC3a", "LOC3b", "LOC4a", 
    "LOC4b", "LOC5a", "LOC5b", "LOC6a", "LOC6b", "LOC7a", "LOC7b", 
    "LOC8a", "LOC8b", "LOC9a", "LOC9b", "LOC10a", "LOC10b"))), 
    missingCode = "-99"), class = "amDataset")
