amExample3_0103_expected <-
structure(list(pairwise = list(list(focal = list(index = "208", 
    metaData = "ACN", multilocus = structure(c("103", "115", 
    "-99", "-99", "-99", "-99", "405", "411", "-99", "-99", "-99", 
    "-99", "712", "718", "-99", "-99", "908", "912", "1001", 
    "1002"), dim = c(1L, 20L), dimnames = list(NULL, c("LOC1a", 
    "LOC1b", "LOC2a", "LOC2b", "LOC3a", "LOC3b", "LOC4a", "LOC4b", 
    "LOC5a", "LOC5b", "LOC6a", "LOC6b", "LOC7a", "LOC7b", "LOC8a", 
    "LOC8b", "LOC9a", "LOC9b", "LOC10a", "LOC10b"))), flags = structure(c(1, 
    1, 2, 2, 2, 2, 1, 1, 2, 2, 2, 2, 1, 1, 2, 2, 1, 1, 1, 1), dim = c(1L, 
    20L))), match = list(index = "204", metaData = "ACN", multilocus = structure(c("103", 
"115", "205", "219", "306", "307", "405", "411", "511", "514", 
"608", "608", "712", "712", "811", "817", "908", "912", "-99", 
"-99"), dim = c(1L, 20L), dimnames = list(NULL, c("LOC1a", "LOC1b", 
"LOC2a", "LOC2b", "LOC3a", "LOC3b", "LOC4a", "LOC4b", "LOC5a", 
"LOC5b", "LOC6a", "LOC6b", "LOC7a", "LOC7b", "LOC8a", "LOC8b", 
"LOC9a", "LOC9b", "LOC10a", "LOC10b"))), score = "0.65", flags = structure(c(1, 
1, 2, 2, 2, 2, 1, 1, 2, 2, 2, 2, 1, 0, 2, 2, 1, 1, 2, 2), dim = c(1L, 
20L)), perfect = 0L, partial = 1L)), list(focal = list(index = "251", 
    metaData = "ADA", multilocus = structure(c("111", "117", 
    "205", "219", "-99", "-99", "411", "416", "511", "514", "-99", 
    "-99", "-99", "-99", "807", "819", "903", "908", "-99", "-99"
    ), dim = c(1L, 20L), dimnames = list(NULL, c("LOC1a", "LOC1b", 
    "LOC2a", "LOC2b", "LOC3a", "LOC3b", "LOC4a", "LOC4b", "LOC5a", 
    "LOC5b", "LOC6a", "LOC6b", "LOC7a", "LOC7b", "LOC8a", "LOC8b", 
    "LOC9a", "LOC9b", "LOC10a", "LOC10b"))), flags = structure(c(1, 
    1, 1, 1, 2, 2, 1, 1, 1, 1, 2, 2, 2, 2, 1, 1, 1, 1, 2, 2), dim = c(1L, 
    20L))), match = list(index = "116", metaData = "ABN", multilocus = structure(c("111", 
"112", "205", "219", "310", "311", "411", "416", "514", "514", 
"606", "608", "718", "718", "807", "819", "908", "908", "1008", 
"1008"), dim = c(1L, 20L), dimnames = list(NULL, c("LOC1a", "LOC1b", 
"LOC2a", "LOC2b", "LOC3a", "LOC3b", "LOC4a", "LOC4b", "LOC5a", 
"LOC5b", "LOC6a", "LOC6b", "LOC7a", "LOC7b", "LOC8a", "LOC8b", 
"LOC9a", "LOC9b", "LOC10a", "LOC10b"))), score = "0.65", flags = structure(c(1, 
0, 1, 1, 2, 2, 1, 1, 0, 1, 2, 2, 2, 2, 1, 1, 0, 1, 2, 2), dim = c(1L, 
20L)), perfect = 0L, partial = 1L))), missingCode = "-99", matchThreshold = 0.65000000000000002, 
    alleleMismatch = 7, missingMethod = 2, focalDatasetN = 2L, 
    comparisonDatasetN = 100L, focalIsComparison = FALSE), class = "amPairwise")
