amExample1_0102_example1_1_expected <-
structure(list(uniqueGroup = c("1", "1", "2", "2", "3", "3", 
"4", "5", "6", "6", "7", "7", "8", "9", "9", "10", "11", "11", 
"12", "12"), rowType = c("UNIQUE", "MATCH", "UNIQUE", "MATCH", 
"UNIQUE", "MATCH", "UNIQUE", "UNIQUE", "UNIQUE", "MATCH", "UNIQUE", 
"MATCH", "UNIQUE", "UNIQUE", "MATCH", "UNIQUE", "UNIQUE", "MATCH", 
"UNIQUE", "MATCH"), uniqueIndex = c("1", "1", "3", "3", "5", 
"5", "7", "8", "9", "9", "11", "11", "13", "14", "14", "16", 
"17", "17", "19", "19"), matchIndex = c("1", "2", "3", "4", "5", 
"6", "7", "8", "9", "10", "11", "12", "13", "14", "15", "16", 
"17", "18", "19", "20"), nUniqueGroup = c("2", "2", "2", "2", 
"2", "2", "1", "1", "2", "2", "2", "2", "1", "2", "2", "1", "2", 
"2", "2", "2"), alleleMismatch = c("2", "2", "2", "2", "2", "2", 
"2", "2", "2", "2", "2", "2", "2", "2", "2", "2", "2", "2", "2", 
"2"), matchThreshold = c("0.9", "0.9", "0.9", "0.9", "0.9", "0.9", 
"0.9", "0.9", "0.9", "0.9", "0.9", "0.9", "0.9", "0.9", "0.9", 
"0.9", "0.9", "0.9", "0.9", "0.9"), cutHeight = c("0.1", "0.1", 
"0.1", "0.1", "0.1", "0.1", "0.1", "0.1", "0.1", "0.1", "0.1", 
"0.1", "0.1", "0.1", "0.1", "0.1", "0.1", "0.1", "0.1", "0.1"
), Psib = c("9.84097837711721e-05", "9.84097837711721e-05", "7.6700235101921e-05", 
"7.6700235101921e-05", "4.755381397187e-05", "4.755381397187e-05", 
"0.000147527555438071", "4.20062196368826e-05", "0.000127630848132018", 
"0.000127630848132018", "0.000100870314036143", "0.000100870314036143", 
"3.91984649146532e-05", "8.9111773012628e-05", "8.9111773012628e-05", 
"7.17718409894783e-05", "6.79610528590075e-05", "6.79610528590075e-05", 
"0.000200530393635651", "0.000200530393635651"), score = c("", 
"1", "", "1", "", "1", "", "", "", "1", "", "1", "", "", "1", 
"", "", "1", "", "0.95"), LOC1a = c("103", "103", "104", "104", 
"103", "103", "108", "104", "109", "109", "108", "108", "109", 
"108", "108", "108", "103", "103", "108", "108"), LOC1b = c("108", 
"108", "120", "120", "109", "109", "109", "110", "120", "120", 
"109", "109", "110", "120", "120", "109", "109", "109", "114", 
"114"), LOC2a = c("201", "201", "201", "201", "201", "201", "201", 
"207", "208", "208", "201", "201", "203", "208", "208", "203", 
"208", "208", "201", "201"), LOC2b = c("201", "201", "208", "208", 
"209", "209", "208", "208", "208", "208", "208", "208", "207", 
"209", "209", "203", "208", "208", "207", "207"), LOC3a = c("314", 
"314", "306", "306", "306", "306", "314", "307", "307", "307", 
"306", "306", "313", "307", "307", "317", "306", "306", "-99", 
"306"), LOC3b = c("318", "318", "314", "314", "306", "306", "314", 
"317", "307", "307", "317", "317", "317", "313", "313", "318", 
"307", "307", "-99", "317"), LOC4a = c("405", "405", "407", "407", 
"408", "408", "404", "417", "407", "407", "404", "404", "407", 
"417", "417", "407", "404", "404", "404", "404"), LOC4b = c("417", 
"417", "407", "407", "414", "414", "417", "417", "417", "417", 
"413", "413", "417", "417", "417", "417", "413", "413", "413", 
"413"), LOC5a = c("514", "514", "502", "502", "501", "501", "501", 
"516", "505", "505", "502", "502", "505", "502", "502", "505", 
"502", "502", "502", "502"), LOC5b = c("519", "519", "502", "502", 
"502", "502", "514", "516", "519", "519", "514", "514", "519", 
"516", "516", "519", "519", "519", "519", "519"), LOC6a = c("603", 
"603", "607", "607", "603", "603", "607", "603", "607", "607", 
"603", "603", "607", "602", "602", "607", "602", "602", "603", 
"603"), LOC6b = c("618", "618", "616", "616", "607", "607", "618", 
"603", "618", "618", "607", "607", "618", "618", "618", "616", 
"603", "603", "607", "607"), LOC7a = c("709", "709", "713", "713", 
"706", "706", "706", "717", "703", "703", "703", "703", "706", 
"703", "703", "712", "709", "709", "712", "712"), LOC7b = c("715", 
"715", "715", "715", "706", "706", "715", "719", "709", "709", 
"719", "719", "719", "715", "715", "715", "717", "717", "715", 
"715"), LOC8a = c("804", "804", "804", "804", "804", "804", "804", 
"804", "804", "804", "812", "812", "811", "811", "811", "804", 
"816", "816", "804", "804"), LOC8b = c("816", "816", "816", "816", 
"804", "804", "811", "812", "805", "805", "816", "816", "811", 
"816", "816", "812", "816", "816", "811", "811"), LOC9a = c("911", 
"911", "912", "912", "914", "914", "914", "907", "914", "914", 
"911", "911", "914", "911", "911", "914", "911", "911", "911", 
"911"), LOC9b = c("914", "914", "914", "914", "918", "918", "914", 
"914", "914", "914", "911", "911", "915", "914", "914", "915", 
"914", "914", "911", "911"), LOC10a = c("1007", "1007", "1006", 
"1006", "1006", "1006", "1006", "1007", "1007", "1007", "1015", 
"1015", "1018", "1007", "1007", "1015", "1005", "1005", "1015", 
"1015"), LOC10b = c("1015", "1015", "1015", "1015", "1006", "1006", 
"1015", "1019", "1015", "1015", "1015", "1015", "1018", "1015", 
"1015", "1015", "1007", "1007", "1018", "1018")), class = "data.frame", row.names = c(NA, 
-20L))
