amExample2_0105_expected <-
structure(list(index = c("1", "2", "3", "4", "5", "6", "7", "8", 
"9", "10", "11", "12", "13", "14", "15", "16", "17", "18", "19", 
"20", "21", "22", "23", "24", "25", "26", "27", "28", "29", "30", 
"31", "32", "33", "34", "35", "36", "37", "38", "39", "40", "41", 
"42", "43", "44", "45", "46", "47", "48", "49", "50", "51", "52", 
"53", "54", "55", "56", "57", "58", "59", "60", "61", "62", "63", 
"64", "65", "66", "67", "68", "69", "70", "71", "72", "73", "74", 
"75", "76", "77", "78", "79", "80", "81", "82", "83", "85", "86", 
"87", "88", "89", "90", "91", "92", "93", "94", "95", "96", "97", 
"98", "99", "100", "101", "102", "103", "105", "106", "107", 
"108", "109", "110", "111", "112", "113", "114", "115", "116", 
"117", "118", "119", "120", "121", "122", "123", "124", "125", 
"126", "127", "128", "129", "130", "131", "132", "134", "135", 
"136", "137", "138", "139", "140", "141", "142", "143", "144", 
"145", "146", "147", "148", "149", "150", "151"), metaData = c("AAA", 
"AAB", "AAB", "AAC", "AAC", "AAC", "AAD", "AAE", "AAF", "AAG", 
"AAH", "AAI", "AAI", "AAJ", "AAJ", "AAK", "AAK", "AAL", "AAM", 
"AAN", "AAO", "AAP", "AAQ", "AAR", "AAR", "AAS", "AAT", "AAU", 
"AAV", "AAW", "AAW", "AAW", "AAX", "AAY", "AAY", "AAZ", "ABA", 
"ABB", "ABC", "ABC", "ABD", "ABD", "ABE", "ABE", "ABF", "ABF", 
"ABG", "ABG", "ABH", "ABI", "ABJ", "ABK", "ABK", "ABL", "ABM", 
"ABN", "ABO", "ABO", "ABP", "ABQ", "ABR", "ABS", "ABS", "ABT", 
"ABT", "ABU", "ABU", "ABU", "ABV", "ABV", "ABW", "ABX", "ABX", 
"ABY", "ABZ", "ABZ", "ABZ", "ACA", "ACA", "ACB", "ACC", "ACC", 
"ACD", "ACE", "ACF", "ACF", "ACG", "ACG", "ACH", "ACI", "ACJ", 
"ACK", "ACK", "ACK", "ACK", "ACL", "ACL", "ACM", "ACN", "ACO", 
"ACO", "ACP", "ACQ", "ACQ", "ACR", "ACS", "ACS", "ACS", "ACT", 
"ACT", "ACU", "ACU", "ACV", "ACW", "ACX", "ACX", "ACX", "ACY", 
"ACZ", "ADA", "ADB", "ADB", "ADC", "ADD", "ADE", "ADF", "ADG", 
"ADH", "ADH", "ADH", "ADJ", "ADK", "ADL", "ADL", "ADL", "ADM", 
"ADN", "ADO", "ADP", "ADP", "ADP", "ADQ", "ADR", "ADS", "ADS", 
"ADT", "ADU", "ADV"), multilocus = structure(c("101", "101", 
"101", "111", "111", "111", "102", "101", "111", "107", "101", 
"107", "107", "107", "107", "101", "101", "107", "111", "111", 
"107", "101", "101", "101", "101", "101", "101", "101", "111", 
"101", "101", "101", "107", "101", "101", "107", "101", "111", 
"101", "101", "111", "111", "111", "111", "-99", "102", "116", 
"116", "101", "101", "101", "101", "101", "101", "101", "101", 
"107", "107", "107", "101", "107", "101", "101", "116", "116", 
"107", "107", "107", "101", "101", "101", "101", "101", "116", 
"101", "101", "-99", "107", "107", "101", "101", "101", "107", 
"107", "101", "101", "101", "101", "116", "107", "101", "101", 
"101", "101", "101", "101", "101", "111", "101", "101", "101", 
"101", "101", "101", "107", "107", "107", "107", "107", "107", 
"-99", "114", "101", "101", "107", "107", "107", "101", "101", 
"101", "107", "107", "101", "107", "-99", "101", "101", "111", 
"-99", "111", "107", "101", "107", "107", "107", "107", "107", 
"101", "107", "107", "107", "107", "101", "107", "107", "107", 
"107", "-99", "116", "116", "116", "116", "116", "116", "116", 
"116", "116", "116", "107", "116", "116", "111", "111", "101", 
"101", "107", "111", "116", "111", "107", "111", "111", "111", 
"116", "116", "101", "116", "101", "101", "101", "116", "111", 
"111", "116", "116", "116", "116", "116", "116", "116", "111", 
"111", "-99", "116", "116", "116", "111", "101", "111", "107", 
"107", "107", "116", "116", "116", "116", "116", "107", "107", 
"111", "111", "116", "116", "111", "111", "111", "101", "101", 
"101", "107", "101", "116", "111", "111", "-99", "111", "111", 
"116", "111", "111", "116", "111", "116", "116", "101", "116", 
"116", "107", "107", "107", "107", "101", "107", "116", "116", 
"116", "116", "116", "116", "116", "116", "116", "107", "116", 
"116", "116", "116", "116", "-99", "114", "107", "107", "116", 
"116", "116", "116", "101", "111", "107", "107", "111", "116", 
"-99", "101", "116", "116", "-99", "116", "116", "101", "116", 
"116", "116", "111", "111", "111", "107", "107", "107", "116", 
"107", "116", "116", "107", "111", "-99", "203", "203", "203", 
"203", "203", "203", "211", "203", "211", "212", "216", "211", 
"211", "216", "216", "211", "211", "211", "212", "203", "203", 
"211", "202", "202", "202", "201", "211", "211", "-99", "214", 
"214", "214", "211", "203", "203", "202", "202", "203", "211", 
"-99", "211", "211", "214", "214", "211", "211", "203", "-99", 
"203", "211", "214", "213", "213", "203", "-99", "211", "211", 
"211", "216", "203", "212", "211", "211", "203", "203", "211", 
"211", "211", "203", "203", "211", "212", "212", "212", "203", 
"203", "203", "212", "212", "202", "214", "-99", "201", "203", 
"201", "201", "211", "211", "211", "203", "214", "201", "201", 
"201", "201", "202", "202", "201", "214", "202", "202", "202", 
"-99", "212", "211", "202", "202", "202", "211", "211", "-99", 
"202", "203", "203", "214", "214", "214", "211", "203", "211", 
"211", "211", "216", "211", "211", "211", "201", "201", "201", 
"201", "202", "212", "202", "202", "202", "214", "216", "201", 
"211", "211", "211", "203", "214", "203", "203", "211", "202", 
"211", "216", "211", "211", "203", "203", "203", "211", "211", 
"212", "216", "219", "214", "214", "219", "219", "211", "211", 
"211", "216", "211", "211", "216", "219", "216", "216", "216", 
"216", "216", "-99", "214", "219", "219", "216", "219", "219", 
"211", "212", "203", "213", "-99", "219", "219", "219", "219", 
"216", "216", "203", "-99", "211", "211", "216", "216", "216", 
"211", "-99", "214", "214", "214", "216", "216", "216", "216", 
"216", "211", "211", "211", "211", "211", "219", "219", "211", 
"214", "214", "219", "212", "212", "212", "216", "216", "214", 
"216", "-99", "214", "216", "203", "203", "211", "211", "212", 
"219", "216", "211", "211", "211", "211", "211", "211", "203", 
"216", "211", "211", "211", "-99", "214", "216", "214", "202", 
"214", "214", "214", "-99", "214", "211", "203", "216", "216", 
"214", "211", "211", "212", "211", "211", "219", "211", "216", 
"212", "212", "211", "211", "211", "211", "216", "202", "216", 
"216", "216", "216", "211", "211", "211", "211", "212", "219", 
"212", "212", "219", "211", "219", "305", "305", "305", "305", 
"305", "305", "308", "305", "305", "305", "305", "305", "305", 
"305", "305", "314", "314", "308", "305", "320", "305", "305", 
"305", "305", "305", "-99", "316", "305", "308", "305", "305", 
"305", "-99", "301", "301", "305", "305", "315", "305", "305", 
"305", "305", "305", "305", "305", "305", "305", "305", "308", 
"315", "305", "314", "314", "305", "305", "305", "305", "305", 
"305", "305", "305", "305", "305", "305", "305", "-99", "-99", 
"305", "305", "305", "305", "305", "305", "305", "315", "315", 
"315", "305", "305", "305", "305", "305", "314", "305", "315", 
"315", "305", "305", "305", "305", "314", "305", "305", "305", 
"305", "305", "305", "314", "305", "305", "305", "-99", "305", 
"305", "305", "305", "305", "305", "-99", "314", "305", "305", 
"305", "305", "305", "305", "305", "-99", "305", "305", "305", 
"305", "306", "305", "305", "308", "305", "305", "305", "305", 
"305", "305", "305", "305", "305", "305", "305", "314", "305", 
"305", "305", "305", "320", "305", "305", "314", "305", "306", 
"315", "305", "305", "306", "306", "305", "320", "315", "305", 
"305", "320", "305", "314", "315", "315", "316", "316", "314", 
"316", "320", "306", "315", "305", "305", "305", "-99", "320", 
"316", "320", "305", "305", "305", "-99", "320", "320", "305", 
"314", "315", "315", "315", "305", "305", "320", "320", "315", 
"305", "320", "305", "314", "316", "305", "315", "315", "305", 
"305", "315", "305", "305", "308", "305", "320", "316", "316", 
"305", "305", "-99", "-99", "320", "305", "305", "315", "320", 
"320", "305", "320", "320", "320", "315", "315", "320", "314", 
"314", "320", "314", "316", "316", "315", "315", "305", "314", 
