amExample3_0104_example3_2_expected <-
structure(list(matchGroup = c("1", "2"), nMatchGroup = c("1", 
"1"), focalIndex = c("208", "251"), comparisonIndex = c("204", 
"116"), matchThreshold = c("0.65", "0.65"), score = c("0.65", 
"0.65"), comparisonMetaData = c("ACN", "ABN"), LOC1a = c("103", 
"111"), LOC1b = c("115", "112"), LOC2a = c("205", "205"), LOC2b = c("219", 
"219"), LOC3a = c("306", "310"), LOC3b = c("307", "311"), LOC4a = c("405", 
"411"), LOC4b = c("411", "416"), LOC5a = c("511", "514"), LOC5b = c("514", 
"514"), LOC6a = c("608", "606"), LOC6b = c("608", "608"), LOC7a = c("712", 
"718"), LOC7b = c("712", "718"), LOC8a = c("811", "807"), LOC8b = c("817", 
"819"), LOC9a = c("908", "908"), LOC9b = c("912", "908"), LOC10a = c("-99", 
"1008"), LOC10b = c("-99", "1008")), class = "data.frame", row.names = c(NA, 
-2L))
