amExample1_0101_expected <-
structure(list(pairwise = list(list(focal = list(index = "1", 
    metaData = NULL, multilocus = structure(c("103", "108", "201", 
    "201", "314", "318", "405", "417", "514", "519", "603", "618", 
    "709", "715", "804", "816", "911", "914", "1007", "1015"), dim = c(1L, 
    20L), dimnames = list(NULL, c("LOC1a", "LOC1b", "LOC2a", 
    "LOC2b", "LOC3a", "LOC3b", "LOC4a", "LOC4b", "LOC5a", "LOC5b", 
    "LOC6a", "LOC6b", "LOC7a", "LOC7b", "LOC8a", "LOC8b", "LOC9a", 
    "LOC9b", "LOC10a", "LOC10b"))), flags = structure(c(1, 1, 
    1, 1, 1, 1, 1, 1, 1, 1, 1, 1, 1, 1, 1, 1, 1, 1, 1, 1), dim = c(1L, 
    20L)), rowFlag = "UNIQUE"), match = list(index = c("1", "2"
), multilocus = structure(c("103", "103", "108", "108", "201", 
"201", "201", "201", "314", "314", "318", "318", "405", "405", 
"417", "417", "514", "514", "519", "519", "603", "603", "618", 
"618", "709", "709", "715", "715", "804", "804", "816", "816", 
"911", "911", "914", "914", "1007", "1007", "1015", "1015"), dim = c(2L, 
20L), dimnames = list(NULL, c("LOC1a", "LOC1b", "LOC2a", "LOC2b", 
"LOC3a", "LOC3b", "LOC4a", "LOC4b", "LOC5a", "LOC5b", "LOC6a", 
"LOC6b", "LOC7a", "LOC7b", "LOC8a", "LOC8b", "LOC9a", "LOC9b", 
"LOC10a", "LOC10b"))), score = c("1", "1"), flags = structure(c(1, 
1, 1, 1, 1, 1, 1, 1, 1, 1, 1, 1, 1, 1, 1, 1, 1, 1, 1, 1, 1, 1, 
1, 1, 1, 1, 1, 1, 1, 1, 1, 1, 1, 1, 1, 1, 1, 1, 1, 1), dim = c(2L, 
20L)), perfect = 2L, partial = 0L, psib = c(9.8409783771172136e-05, 
9.8409783771172136e-05), rowFlag = c("", ""), psibNotCalculable = 0L)), 
    list(focal = list(index = "3", metaData = NULL, multilocus = structure(c("104", 
    "120", "201", "208", "306", "314", "407", "407", "502", "502", 
    "607", "616", "713", "715", "804", "816", "912", "914", "1006", 
    "1015"), dim = c(1L, 20L), dimnames = list(NULL, c("LOC1a", 
    "LOC1b", "LOC2a", "LOC2b", "LOC3a", "LOC3b", "LOC4a", "LOC4b", 
    "LOC5a", "LOC5b", "LOC6a", "LOC6b", "LOC7a", "LOC7b", "LOC8a", 
    "LOC8b", "LOC9a", "LOC9b", "LOC10a", "LOC10b"))), flags = structure(c(1, 
    1, 1, 1, 1, 1, 1, 1, 1, 1, 1, 1, 1, 1, 1, 1, 1, 1, 1, 1), dim = c(1L, 
    20L)), rowFlag = "UNIQUE"), match = list(index = c("3", "4"
    ), multilocus = structure(c("104", "104", "120", "120", "201", 
    "201", "208", "208", "306", "306", "314", "314", "407", "407", 
    "407", "407", "502", "502", "502", "502", "607", "607", "616", 
    "616", "713", "713", "715", "715", "804", "804", "816", "816", 
    "912", "912", "914", "914", "1006", "1006", "1015", "1015"
    ), dim = c(2L, 20L), dimnames = list(NULL, c("LOC1a", "LOC1b", 
    "LOC2a", "LOC2b", "LOC3a", "LOC3b", "LOC4a", "LOC4b", "LOC5a", 
    "LOC5b", "LOC6a", "LOC6b", "LOC7a", "LOC7b", "LOC8a", "LOC8b", 
    "LOC9a", "LOC9b", "LOC10a", "LOC10b"))), score = c("1", "1"
    ), flags = structure(c(1, 1, 1, 1, 1, 1, 1, 1, 1, 1, 1, 1, 
    1, 1, 1, 1, 1, 1, 1, 1, 1, 1, 1, 1, 1, 1, 1, 1, 1, 1, 1, 
    1, 1, 1, 1, 1, 1, 1, 1, 1), dim = c(2L, 20L)), perfect = 2L, 
        partial = 0L, psib = c(7.6700235101921012e-05, 7.6700235101921012e-05
        ), rowFlag = c("", ""), psibNotCalculable = 0L)), list(
        focal = list(index = "5", metaData = NULL, multilocus = structure(c("103", 
        "109", "201", "209", "306", "306", "408", "414", "501", 
        "502", "603", "607", "706", "706", "804", "804", "914", 
        "918", "1006", "1006"), dim = c(1L, 20L), dimnames = list(
            NULL, c("LOC1a", "LOC1b", "LOC2a", "LOC2b", "LOC3a", 
            "LOC3b", "LOC4a", "LOC4b", "LOC5a", "LOC5b", "LOC6a", 
            "LOC6b", "LOC7a", "LOC7b", "LOC8a", "LOC8b", "LOC9a", 
            "LOC9b", "LOC10a", "LOC10b"))), flags = structure(c(1, 
        1, 1, 1, 1, 1, 1, 1, 1, 1, 1, 1, 1, 1, 1, 1, 1, 1, 1, 
        1), dim = c(1L, 20L)), rowFlag = "UNIQUE"), match = list(
            index = c("5", "6"), multilocus = structure(c("103", 
            "103", "109", "109", "201", "201", "209", "209", 
            "306", "306", "306", "306", "408", "408", "414", 
            "414", "501", "501", "502", "502", "603", "603", 
            "607", "607", "706", "706", "706", "706", "804", 
            "804", "804", "804", "914", "914", "918", "918", 
            "1006", "1006", "1006", "1006"), dim = c(2L, 20L), dimnames = list(
                NULL, c("LOC1a", "LOC1b", "LOC2a", "LOC2b", "LOC3a", 
                "LOC3b", "LOC4a", "LOC4b", "LOC5a", "LOC5b", 
                "LOC6a", "LOC6b", "LOC7a", "LOC7b", "LOC8a", 
                "LOC8b", "LOC9a", "LOC9b", "LOC10a", "LOC10b"
                ))), score = c("1", "1"), flags = structure(c(1, 
            1, 1, 1, 1, 1, 1, 1, 1, 1, 1, 1, 1, 1, 1, 1, 1, 1, 
            1, 1, 1, 1, 1, 1, 1, 1, 1, 1, 1, 1, 1, 1, 1, 1, 1, 
            1, 1, 1, 1, 1), dim = c(2L, 20L)), perfect = 2L, 
            partial = 0L, psib = c(4.7553813971870006e-05, 4.7553813971870006e-05
            ), rowFlag = c("", ""), psibNotCalculable = 0L)), 
    list(focal = list(index = "7", metaData = NULL, multilocus = structure(c("108", 
    "109", "201", "208", "314", "314", "404", "417", "501", "514", 
    "607", "618", "706", "715", "804", "811", "914", "914", "1006", 
    "1015"), dim = c(1L, 20L), dimnames = list(NULL, c("LOC1a", 
    "LOC1b", "LOC2a", "LOC2b", "LOC3a", "LOC3b", "LOC4a", "LOC4b", 
    "LOC5a", "LOC5b", "LOC6a", "LOC6b", "LOC7a", "LOC7b", "LOC8a", 
    "LOC8b", "LOC9a", "LOC9b", "LOC10a", "LOC10b"))), flags = structure(c(1, 
    1, 1, 1, 1, 1, 1, 1, 1, 1, 1, 1, 1, 1, 1, 1, 1, 1, 1, 1), dim = c(1L, 
    20L)), rowFlag = "UNIQUE"), match = list(index = "7", multilocus = structure(c("108", 
    "109", "201", "208", "314", "314", "404", "417", "501", "514", 
    "607", "618", "706", "715", "804", "811", "914", "914", "1006", 
    "1015"), dim = c(1L, 20L), dimnames = list(NULL, c("LOC1a", 
    "LOC1b", "LOC2a", "LOC2b", "LOC3a", "LOC3b", "LOC4a", "LOC4b", 
    "LOC5a", "LOC5b", "LOC6a", "LOC6b", "LOC7a", "LOC7b", "LOC8a", 
    "LOC8b", "LOC9a", "LOC9b", "LOC10a", "LOC10b"))), score = "1", 
        flags = structure(c(1, 1, 1, 1, 1, 1, 1, 1, 1, 1, 1, 
        1, 1, 1, 1, 1, 1, 1, 1, 1), dim = c(1L, 20L)), perfect = 1L, 
        partial = 0L, psib = 0.00014752755543807124, rowFlag = "", 
        psibNotCalculable = 0L)), list(focal = list(index = "8", 
        metaData = NULL, multilocus = structure(c("104", "110", 
        "207", "208", "307", "317", "417", "417", "516", "516", 
        "603", "603", "717", "719", "804", "812", "907", "914", 
        "1007", "1019"), dim = c(1L, 20L), dimnames = list(NULL, 
            c("LOC1a", "LOC1b", "LOC2a", "LOC2b", "LOC3a", "LOC3b", 
            "LOC4a", "LOC4b", "LOC5a", "LOC5b", "LOC6a", "LOC6b", 
            "LOC7a", "LOC7b", "LOC8a", "LOC8b", "LOC9a", "LOC9b", 
            "LOC10a", "LOC10b"))), flags = structure(c(1, 1, 
        1, 1, 1, 1, 1, 1, 1, 1, 1, 1, 1, 1, 1, 1, 1, 1, 1, 1), dim = c(1L, 
        20L)), rowFlag = "UNIQUE"), match = list(index = "8", 
        multilocus = structure(c("104", "110", "207", "208", 
        "307", "317", "417", "417", "516", "516", "603", "603", 
        "717", "719", "804", "812", "907", "914", "1007", "1019"
        ), dim = c(1L, 20L), dimnames = list(NULL, c("LOC1a", 
        "LOC1b", "LOC2a", "LOC2b", "LOC3a", "LOC3b", "LOC4a", 
        "LOC4b", "LOC5a", "LOC5b", "LOC6a", "LOC6b", "LOC7a", 
        "LOC7b", "LOC8a", "LOC8b", "LOC9a", "LOC9b", "LOC10a", 
        "LOC10b"))), score = "1", flags = structure(c(1, 1, 1, 
        1, 1, 1, 1, 1, 1, 1, 1, 1, 1, 1, 1, 1, 1, 1, 1, 1), dim = c(1L, 
        20L)), perfect = 1L, partial = 0L, psib = 4.2006219636882572e-05, 
        rowFlag = "", psibNotCalculable = 0L)), list(focal = list(
        index = "9", metaData = NULL, multilocus = structure(c("109", 
        "120", "208", "208", "307", "307", "407", "417", "505", 
        "519", "607", "618", "703", "709", "804", "805", "914", 
        "914", "1007", "1015"), dim = c(1L, 20L),