amExample3_0102_example3_1_expected <-
structure(list(uniqueGroup = c("", "", "1", "1", "1", "2", "2", 
"3", "3", "3", "4", "4", "4", "4", "4", "5", "5", "5", "5", "6", 
"7", "7", "7", "7", "8", "8", "8", "8", "8", "8", "9", "9", "9", 
"9", "9", "10", "10", "11", "12", "12", "13", "13", "13", "14", 
"14", "14", "14", "15", "15", "16", "16", "16", "17", "17", "17", 
"18", "18", "19", "19", "19", "19", "20", "20", "21", "21", "22", 
"22", "23", "23", "23", "24", "24", "24", "24", "25", "25", "25", 
"25", "26", "26", "27", "27", "27", "27", "28", "29", "29", "29", 
"29", "30", "30", "31", "31", "31", "32", "32", "33", "33", "34", 
"34", "34", "34", "34", "34", "35", "35", "35", "35", "36", "36", 
"37", "37", "38", "38", "38", "38", "38", "39", "40", "40", "40", 
"40", "40", "40", "40", "40", "41", "42", "42", "42", "42", "42", 
"43", "43", "44", "44", "44", "45", "45", "45", "45", "45", "46", 
"46", "46", "47", "47", "47", "47", "47", "48", "48", "49", "49", 
"49", "49", "50", "50", "50", "51", "51", "51", "51", "52", "53", 
"53", "53", "53", "54", "55", "55", "55", "55", "55", "55", "55", 
"56", "56", "56", "56", "56", "57", "57", "57", "58", "58", "59", 
"59", "60", "60", "61", "61", "61", "62", "63", "63", "63", "63", 
"64", "64", "64", "65", "65", "65", "65", "66", "66", "66", "67", 
"67", "67", "67", "68", "68", "68", "68", "69", "69", "69", "69", 
"69", "69", "70", "70", "70", "70", "71", "71", "71", "72", "72", 
"72", "72", "73", "73", "73", "74", "74", "74", "75", "75", "75", 
"76", "76", "76", "77", "77", "77", "78", "78", "79", "79", "79", 
"79", "80", "80", "80", "80", "81", "82", "82", "83", "84", "84", 
"84", "84", "84", "84", "85", "85", "85", "85", "86", "86", "86", 
"86", "87", "87", "87", "88", "88", "89", "89", "90", "90", "90", 
"91", "91", "91", "91", "91", "91", "92", "92", "92", "93", "93", 
"93", "93", "93", "94", "94", "94", "94", "94", "95", "95", "95", 
"95", "95", "96", "96", "97", "97", "97", "98", "98", "99", "99", 
"99", "99", "99", "100"), rowType = c("UNCLASSIFIED", "UNCLASSIFIED", 
"UNIQUE", "MATCH", "MATCH", "UNIQUE", "MATCH", "CHECK_UNIQUE", 
"MATCH", "MULTIPLE_MATCH", "UNIQUE", "MATCH", "MATCH", "MATCH", 
"MATCH", "UNIQUE", "MATCH", "MATCH", "MATCH", "UNIQUE", "UNIQUE", 
"MATCH", "MATCH", "MATCH", "UNIQUE", "MATCH", "MATCH", "MATCH", 
"MATCH", "MATCH", "UNIQUE", "MATCH", "MATCH", "MATCH", "MATCH", 
"UNIQUE", "MATCH", "UNIQUE", "UNIQUE", "MATCH", "UNIQUE", "MATCH", 
"MATCH", "UNIQUE", "MATCH", "MATCH", "MATCH", "UNIQUE", "MATCH", 
"UNIQUE", "MATCH", "MATCH", "UNIQUE", "MATCH", "MATCH", "UNIQUE", 
"MATCH", "UNIQUE", "MATCH", "MATCH", "MATCH", "UNIQUE", "MATCH", 
"UNIQUE", "MATCH", "UNIQUE", "MATCH", "UNIQUE", "MATCH", "MATCH", 
"UNIQUE", "MATCH", "MATCH", "MATCH", "UNIQUE", "MATCH", "MATCH", 
"MATCH", "UNIQUE", "MATCH", "UNIQUE", "MATCH", "MATCH", "MATCH", 
"UNIQUE", "UNIQUE", "MATCH", "MATCH", "MATCH", "UNIQUE", "MATCH", 
"UNIQUE", "MATCH", "MATCH", "UNIQUE", "MATCH", "UNIQUE", "MATCH", 
"UNIQUE", "MATCH", "MATCH", "MATCH", "MATCH", "MATCH", "UNIQUE", 
"MATCH", "MATCH", "MATCH", "UNIQUE", "MATCH", "UNIQUE", "MATCH", 
"CHECK_UNIQUE", "MATCH", "MATCH", "MULTIPLE_MATCH", "MATCH", 
"UNIQUE", "UNIQUE", "MATCH", "MATCH", "MATCH", "MATCH", "MATCH", 
"MATCH", "MATCH", "UNIQUE", "UNIQUE", "MATCH", "MATCH", "MATCH", 
"MATCH", "UNIQUE", "MATCH", "UNIQUE", "MATCH", "MATCH", "UNIQUE", 
"MATCH", "MATCH", "MATCH", "MATCH", "UNIQUE", "MATCH", "MATCH", 
"UNIQUE", "MATCH", "MATCH", "MATCH", "MATCH", "UNIQUE", "MATCH", 
"UNIQUE", "MATCH", "MATCH", "MATCH", "UNIQUE", "MATCH", "MATCH", 
"UNIQUE", "MATCH", "MATCH", "MATCH", "UNIQUE", "CHECK_UNIQUE", 
"MATCH", "MULTIPLE_MATCH", "MATCH", "UNIQUE", "UNIQUE", "MATCH", 
"MATCH", "MATCH", "MATCH", "MATCH", "MATCH", "UNIQUE", "MATCH", 
"MATCH", "MATCH", "MATCH", "UNIQUE", "MATCH", "MATCH", "CHECK_UNIQUE", 
"MULTIPLE_MATCH", "CHECK_UNIQUE", "MULTIPLE_MATCH", "UNIQUE", 
"MATCH", "UNIQUE", "MATCH", "MATCH", "UNIQUE", "UNIQUE", "MATCH", 
"MATCH", "MATCH", "UNIQUE", "MATCH", "MATCH", "UNIQUE", "MATCH", 
"MATCH", "MATCH", "UNIQUE", "MATCH", "MATCH", "UNIQUE", "MATCH", 
"MATCH", "MATCH", "UNIQUE", "MATCH", "MATCH", "MATCH", "CHECK_UNIQUE", 
"MATCH", "MATCH", "MATCH", "MATCH", "MULTIPLE_MATCH", "UNIQUE", 
"MATCH", "MATCH", "MATCH", "CHECK_UNIQUE", "MATCH", "MULTIPLE_MATCH", 
"UNIQUE", "MATCH", "MATCH", "MATCH", "UNIQUE", "MATCH", "MATCH", 
"UNIQUE", "MATCH", "MATCH", "UNIQUE", "MATCH", "MATCH", "UNIQUE", 
"MATCH", "MATCH", "UNIQUE", "MATCH", "MATCH", "UNIQUE", "MATCH", 
"UNIQUE", "MATCH", "MATCH", "MATCH", "UNIQUE", "MATCH", "MATCH", 
"MATCH", "UNIQUE", "UNIQUE", "MATCH", "UNIQUE", "CHECK_UNIQUE", 
"MATCH", "MATCH", "MATCH", "MATCH", "MULTIPLE_MATCH", "UNIQUE", 
"MATCH", "MATCH", "MATCH", "UNIQUE", "MATCH", "MATCH", "MATCH", 
"UNIQUE", "MATCH", "MATCH", "UNIQUE", "MATCH", "UNIQUE", "MATCH", 
"UNIQUE", "MATCH", "MATCH", "UNIQUE", "MATCH", "MATCH", "MATCH", 
"MATCH", "MATCH", "UNIQUE", "MATCH", "MATCH", "UNIQUE", "MATCH", 
"MATCH", "MATCH", "MATCH", "UNIQUE", "MATCH", "MATCH", "MATCH", 
"MATCH", "UNIQUE", "MATCH", "MATCH", "MATCH", "MATCH", "UNIQUE", 
"MATCH", "UNIQUE", "MATCH", "MATCH", "UNIQUE", "MATCH", "UNIQUE", 
"MATCH", "MATCH", "MATCH", "MATCH", "UNIQUE"), uniqueIndex = c("208", 
"251", "1", "1", "1", "4", "4", "6", "6", "6", "8", "8", "8", 
"8", "8", "13", "13", "13", "13", "17", "18", "18", "18", "18", 
"22", "22", "22", "22", "22", "22", "28", "28", "28", "28", "28", 
"33", "33", "35", "36", "36", "38", "38", "38", "41", "41", "41", 
"41", "45", "45", "47", "47", "47", "50", "50", "50", "53", "53", 
"55", "55", "55", "55", "59", "59", "61", "61", "63", "63", "65", 
"65", "65", "68", "68", "68", "68", "72", "72", "72", "72", "76", 
"76", "78", "78", "78", "78", "82", "83", "83", "83", "83", "87", 
"87", "89", "89", "89", "92", "92", "94", "94", "96", "96", "96", 
"96", "96", "96", "102", "102", "102", "102", "106", "106", "108", 
"108", "110", "110", "110", "110", "110", "115", "116", "116", 
"116", "116", "116", "116", "116", "116", "123", "124", "124", 
"124", "124", "124", "129", "129", "131", "131", "131", "134", 
"134", "134", "134", "134", "139", "139", "139", "142", "142", 
"142", "142", "142", "147", "147", "149", "149", "149", "149", 
"153", "153", "153", "156", "156", "156", "156", "160", "161", 
"161", "161", "161", "165", "166", "166", "166", "166", "166", 
"166", "166", "173", "173", "173", "173", "173", "178", "178", 
"178", "181", "181", "182", "182", "184", "184", "186", "186", 
"186", "189", "190", "190", "190", "190", "194", "194", "194", 
"197", "197", "197", "197", "201", "201", "201", "204", "204", 
"204", "204", "209", "209", "209", "209", "213", "213", "213", 
"213", "213", "213", "219", "219", "219", "219", "223", "223", 
"223", "225", "225", "225", "225", "229", "229", "229", "232", 
"232", "232", "235", "235", "235", "238", "238", "238", "241", 
"241", "241", "244", "244", "246", "246", "246", "246", "252", 
"252", "252", "252", "256", "257", "257", "259", "260", "260", 
"260", "260", "260", "260", "265", "265", "265", "265", "269", 
"269", "269", "269", "273", "273", "273", "276", "276", "278", 
"278", "280", "280", "280", "283", "283", "283", "283", "283", 
"283", "289", "289", "289", "292", "292", "292", "292", "292", 
"297", "297", "297", "297", "297", "302", "302", "302", "302", 
"302", "307", "307", "309", "309", "309", "312", "312", "314", 
"314", "314", "314", "314", "319"),